ACC: 0.9265542449543044
BAC: 0.9273577798867854
TPR: 0.9622626828508942
TNR: 0.8924528769226764
PPV: 0.8952295924522647
NPV: 0.9611855092567647
FAR: 0.10754712307732357
FRR: 0.03773731714910583
FDR: 0.1047704075477352
